
-	A	B	C	D	E	F	G	
A	0	2.15	0.7	1.07	0.85	1.16	1.56	
B	2.15	0	1.53	1.14	1.38	1.01	2.83	
C	0.7	1.53	0	0.43	0.21	0.55	1.86	
D	1.07	1.14	0.43	0	0.29	0.22	2.04	
E	0.85	1.38	0.21	0.29	0	0.41	2.02	
F	1.16	1.01	0.55	0.22	0.41	0	2.05	
G	1.56	2.83	1.86	2.04	2.02	2.05	0	

k = 1	 min: CE	0.21


-	A	B	CE	D	F	G	
A	0	2.15	0.775	1.07	1.16	1.56	
B	2.15	0	1.455	1.14	1.01	2.83	
CE	0.775	1.455	0	0.36	0.48	1.94	
D	1.07	1.14	0.36	0	0.22	2.04	
F	1.16	1.01	0.48	0.22	0	2.05	
G	1.56	2.83	1.94	2.04	2.05	0	

k = 2	 min: DF	0.22


-	A	B	CE	DF	G	
A	0	2.15	0.775	1.115	1.56	
B	2.15	0	1.455	1.075	2.83	
CE	0.775	1.455	0	0.42	1.94	
DF	1.115	1.075	0.42	0	2.045	
G	1.56	2.83	1.94	2.045	0	

k = 3	 min: CEDF	0.42


-	A	B	CEDF	G	
A	0	2.15	0.945	1.56	
B	2.15	0	1.265	2.83	
CEDF	0.945	1.265	0	1.9925	
G	1.56	2.83	1.9925	0	

k = 4	 min: ACEDF	0.945


-	ACEDF	B	G	
ACEDF	0	1.7075	1.77625	
B	1.7075	0	2.83	
G	1.77625	2.83	0	

k = 5	 min: ACEDFB	1.7075


-	ACEDFB	G	
ACEDFB	0	2.30312	
G	2.30312	0	

k = 6	 min: ACEDFBG	2.30312


Arbol

ACEDFBG
-CE----	0.21
---DF--	0.22
-CEDF--	0.42
ACEDF--	0.945
ACEDFB-	1.7075
ACEDFBG	2.30312

Tiempo de ejecucion: 1.063	milisegundos
